-3.102467581629753113e-02
2.034281939268112183e-02
3.849869535770267248e-04
-2.715307846665382385e-02
7.138402666896581650e-03
3.341193369124084711e-04
-3.469511121511459351e-02
3.001625835895538330e-02
-1.458204630762338638e-02
2.098351903259754181e-02
-6.132811307907104492e-03
5.778514314442873001e-03
-1.294901408255100250e-02
2.423492632806301117e-02
3.886501537635922432e-03
3.793529048562049866e-02
3.006578888744115829e-03
-4.671697691082954407e-02
2.133165672421455383e-02
3.235163539648056030e-02
-4.020452499389648438e-03
2.930122427642345428e-03
-1.330961380153894424e-02
-7.971839606761932373e-02
-5.107059702277183533e-02
1.558282505720853806e-02
-2.540023298934102058e-03
8.468999527394771576e-03
-1.582730747759342194e-02
1.675959560088813305e-03
-2.715205308049917221e-03
-1.593120861798524857e-03
-1.906309649348258972e-02
1.181939691305160522e-01
-7.067265454679727554e-03
3.512105345726013184e-02
-2.077131904661655426e-02
-5.030416883528232574e-03
4.476959875319153070e-04
2.420528326183557510e-03
4.276999272406101227e-03
-2.505729440599679947e-03
2.523672208189964294e-02
-1.114902086555957794e-02
-6.971101742237806320e-03
-2.957838214933872223e-02
1.552755665034055710e-02
5.076579283922910690e-03
-1.462059188634157181e-02
-9.370596148073673248e-03
-1.585983298718929291e-02
1.817379705607891083e-02
4.002781119197607040e-03
4.149091895669698715e-03
-1.748200319707393646e-02
5.288998130708932877e-03
2.307551726698875427e-02
-4.206093493849039078e-03
-3.439062833786010742e-02
-1.959210447967052460e-02
1.417119055986404419e-02
-5.510539282113313675e-03
-9.256961755454540253e-03
1.513004209846258163e-02
